ans =

    0.1000


ans =

    25
    25
    25
    25
    25
    25


ans =

    1.0000
    1.0000
    1.0000
    0.2500


ans =

   1.0000e-03