dt =

    0.1000


lambda_e =

    25
    25
    25
    25
    25
    25


lambda_v =

    1.0000
    1.0000
    1.0000
    0.2500
    0.2500
    0.1000
    0.1000
    0.1000
    0.1000


lambda_j =

   1.0000e-03


